20250301
20250301
20250302
20250302
20250302
20250303
20250303
20250304
20250304
20250304
20250304
20250305
20250305
20250305
20250305
20250306
20250306
20250306
20250306
20250307
20250307
20250308
20250308
20250309
20250309
20250309
20250309
20250310
20250310
20250310
20250310
20250311
20250311
20250311
20250311
20250311
20250312
20250312
20250312
20250312
20250312
20250313
20250313
20250313
20250313
20250314
20250314
20250314
20250314
20250315
20250315
20250316
20250316
20250316
20250316
20250317
20250317
20250317
20250317
20250318
20250318
20250318
20250318
20250318
20250319
20250319
20250319
20250319
20250320
20250320
20250320
20250321
20250321