202536033001
202536033002
202536033003
202536033004
202536033005
202536033006
202536033007
202536033008
202536033009
202536033010
202536033011
202536033012
202546033001
202546033002
202546033003
202546033004
202546033005
202546033006
202546033007
202546033008
202546033009
202546033010
202546033011
202555033001
202555033002
202555033003
202555033004
202555033005
202555033006
202555033007
202555033008
202555033009
202555033010
202555033011
202536033101
202536033102
202536033103
202536033104
202536033105
202536033106
202536033107
202536033108
202536033109
202536033110
202536033111
202536033112
202543033101
202543033102
202543033103
202543033104
202543033105
202543033106
202543033107
202543033108
202543033109
202543033110
202543033111
202543033112
202548033101
202548033102
202548033103
202548033104
202548033105
202548033106
202548033107
202548033108
202548033109
202548033110
202548033111
202543040101
202543040102
202543040103
202543040104
202543040105
202543040106
202543040107
202543040108
202543040109
202543040110
202543040111
202543040112
202547040101
202547040102
202547040103
202547040104
202547040105
202547040106
202547040107
202547040108
202547040109
202547040110
202547040111
202550040101
202550040102
202550040103
202550040104
202550040105
202550040106
202550040107
202550040108
202550040109
202550040110
202550040111
202550040112
202543040201
202543040202
202543040203
202543040204
202543040205
202543040206
202543040207
202543040208
202543040209
202543040210
202543040211
202543040212
202547040201
202547040202
202547040203
202547040204
202547040205
202547040206
202547040207
202547040208
202547040209
202547040210
202550040201
202550040202
202550040203
202550040204
202550040205
202550040206
202550040207
202550040208
202550040209
202550040210
202550040211
202550040212
202543040301
202543040302
202543040303
202543040304
202543040305
202543040306
202543040307
202543040308
202543040309
202543040310
202543040311
202543040312
202547040301
202547040302
202547040303
202547040304
202547040305
202547040306
202547040307
202547040308
202547040309
202547040310
202550040301
202550040302
202550040303
202550040304
202550040305
202550040306
202550040307
202550040308
202550040309
202550040310
202550040311
202550040312
202543040401
202543040402
202543040403
202543040404
202543040405
202543040406
202543040407
202543040408
202543040409
202543040410
202543040411
202543040412
202547040401
202547040402
202547040403
202547040404
202547040405
202547040406
202547040407
202547040408
202547040409
202547040410
202547040411
202547040412
202554040501
202554040502
202554040503
202554040504
202554040505
202554040506
202554040507
202554040508
202554040509
202554040510
202554040511
202555040501
202555040502
202555040503
202555040504
202555040505
202555040506
202555040507
202555040508
202555040509
202555040510
202536040601
202536040602
202536040603
202536040604
202536040605
202536040606
202536040607
202536040608
202536040609
202536040610
202536040611
202546040601
202546040602
202546040603
202546040604
202546040605
202546040606
202546040607
202546040608
202546040609
202546040610
202546040611
202554040601
202554040602
202554040603
202554040604
202554040605
202554040606
202554040607
202554040608
202554040609
202554040610
202554040611
202554040612
202555040601
202555040602
202555040603
202555040604
202555040605
202555040606
202555040607
202555040608
202555040609
202536040701
202536040702
202536040703
202536040704
202536040705
202536040706
202536040707
202536040708
202536040709
202536040710
202536040711
202536040712
202545040701
202545040702
202545040703
202545040704
202545040705
202545040706
202545040707
202545040708
202545040709
202545040710
202545040711
202545040712
202536040801
202536040802
202536040803
202536040804
202536040805
202536040806
202536040807
202536040808
202536040809
202536040810
202536040811
202536040812
202545040801
202545040802
202545040803
202545040804
202545040805
202545040806
202545040807
202545040808
202545040809
202545040810
202545040811
202545040812
202546040801
202546040802
202546040803
202546040804
202546040805
202546040806
202546040807
202546040808
202546040809
202546040810
202546040811
202546040812
202548040801
202548040802
202548040803
202548040804
202548040805
202548040806
202548040807
202548040808
202548040809
202548040810
202548040811
202548040812
202550040801
202550040802
202550040803
202550040804
202550040805
202550040806
202550040807
202550040808
202550040809
202550040810
202550040811
202550040812