202405040101
202405040102
202405040103
202405040104
202405040105
202405040106
202405040107
202405040108
202405040109
202405040110
202405040111
202405040112
202408050101
202408050102
202408050103
202408050104
202408050105
202408050106
202408050107
202408050108
202408050109
202408050110
202408050111
202408050112
202404040101
202404040102
202404040103
202404040104
202404040105
202404040106
202404040107
202404040108
202404040109
202404040110
202404040111
202404040112
202405040201
202405040202
202405040203
202405040204
202405040205
202405040206
202405040207
202405040208
202405040209
202405040210
202405040211
202405040212
202408050201
202408050202
202408050203
202408050204
202408050205
202408050206
202408050207
202408050208
202408050209
202408050210
202408050211
202408050212
202404040201
202404040202
202404040203
202404040204
202404040205
202404040206
202404040207
202404040208
202404040209
202404040210
202404040211
202404040212
202408050301
202408050302
202408050303
202408050304
202408050305
202408050306
202408050307
202408050308
202408050309
202408050310
202408050311
202408050312
202404040301
202404040302
202404040303
202404040304
202404040305
202404040306
202404040307
202404040308
202404040309
202404040310
202404040311
202404040312
202405040301
202405040302
202405040303
202405040304
202405040305
202405040306
202405040307
202405040308
202405040309
202405040310
202405040311
202405040312
202408050401
202408050402
202408050403
202408050404
202408050405
202408050406
202408050407
202408050408
202408050409
202408050410
202408050411
202408050412
202405040401
202405040402
202405040403
202405040404
202405040405
202405040406
202405040407
202405040408
202405040409
202405040410
202405040411
202405040412
202404040401
202404040402
202404040403
202404040404
202404040405
202404040406
202404040407
202404040408
202404040409
202404040410
202404040411
202404040412
202405040501
202405040502
202405040503
202405040504
202405040505
202405040506
202405040507
202405040508
202405040509
202405040510
202405040511
202405040512
202408050501
202408050502
202408050503
202408050504
202408050505
202408050506
202408050507
202408050508
202408050509
202408050510
202408050511
202408050512
202404040501
202404040502
202404040503
202404040504
202404040505
202404040506
202404040507
202404040508
202404040509
202404040510
202404040511
202404040512
202405040601
202405040602
202405040603
202405040604
202405040605
202405040606
202405040607
202405040608
202405040609
202405040610
202405040611
202405040612
202408050601
202408050602
202408050603
202408050604
202408050605
202408050606
202408050607
202408050608
202408050609
202408050610
202408050611
202408050612
202404040601
202404040602
202404040603
202404040604
202404040605
202404040606
202404040607
202404040608
202404040609
202404040610
202404040611
202404040612
202405040701
202405040702
202405040703
202405040704
202405040705
202405040706
202405040707
202405040708
202405040709
202405040710
202405040711
202405040712
202408050701
202408050702
202408050703
202408050704
202408050705
202408050706
202408050707
202408050708
202408050709
202408050710
202408050711
202408050712
202404040701
202404040702
202404040703
202404040704
202404040705
202404040706
202404040707
202404040708
202404040709
202404040710
202404040711
202404040712
202405040801
202405040802
202405040803
202405040804
202405040805
202405040806
202405040807
202405040808
202405040809
202405040810
202405040811
202405040812
202408050801
202408050802
202408050803
202408050804
202408050805
202408050806
202408050807
202408050808
202408050809
202408050810
202408050811
202408050812
202404040801
202404040802
202404040803
202404040804
202404040805
202404040806
202404040807
202404040808
202404040809
202404040810
202404040811
202404040812
202405050101
202405050102
202405050103
202405050104
202405050105
202405050106
202405050107
202405050108
202405050109
202405050110
202405050111
202405050112
202408060101
202408060102
202408060103
202408060104
202408060105
202408060106
202408060107
202408060109
202408060110
202408060111
202408060112
202403030101
202403030102
202403030103
202403030104
202403030105
202403030106
202403030107
202403030108
202403030109
202403030110
202403030111
202403030112
202405050201
202405050202
202405050203
202405050204
202405050205
202405050206
202405050207
202405050208
202405050209
202405050210
202405050211
202405050212
202408060201
202408060202
202408060203
202408060204
202408060205
202408060206
202408060207
202408060208
202408060209
202408060210
202408060211
202408060212
202403030201
202403030202
202403030203
202403030204
202403030205
202403030206
202403030207
202403030208
202403030209
202403030210
202403030211
202403030212
202405050301
202405050302
202405050303
202405050304
202405050305
202405050306
202405050307
202405050308
202405050309
202405050310
202405050311
202405050312
202408060301
202408060302
202408060303
202408060304
202408060305
202408060306
202408060307
202408060308
202408060309
202408060310
202408060311
202408060312
202403030301
202403030302
202403030303
202403030304
202403030305
202403030306
202403030307
202403030308
202403030309
202403030310
202403030311
202403030312
202405050401
202405050402
202405050403
202405050404
202405050405
202405050406
202405050407
202405050408
202405050409
202405050410
202405050411
202405050412
202408060401
202408060402
202408060403
202408060404
202408060405
202408060406
202408060407
202408060408
202408060409
202408060410
202408060411
202408060412
202403030401
202403030402
202403030403
202403030404
202403030405
202403030406
202403030407
202403030408
202403030409
202403030410
202403030411
202403030412
202405050501
202405050502
202405050503
202405050504
202405050505
202405050506
202405050507
202405050508
202405050509
202405050510
202405050511
202405050512
202408060501
202408060502
202408060503
202408060504
202408060505
202408060506
202408060507
202408060508
202408060509
202408060510
202408060511
202408060512
202403030501
202403030502
202403030503
202403030504
202403030505
202403030506
202403030507
202403030508
202403030509
202403030510
202403030511
202403030512
202405050601
202405050602
202405050603
202405050604
202405050605
202405050606
202405050607
202405050608
202405050609
202405050610
202405050611
202405050612
202408060601
202408060602
202408060603
202408060604
202408060605
202408060606
202408060607
202408060608
202408060609
202408060610
202408060611
202408060612
202403030601
202403030602
202403030603
202403030604
202403030605
202403030606
202403030607
202403030608
202403030609
202403030610
202403030611
202403030612
202405050701
202405050702
202405050703
202405050704
202405050705
202405050706
202405050707
202405050708
202405050709
202405050710
202405050711
202405050712
202408060701
202408060702
202408060703
202408060704
202408060705
202408060706
202408060707
202408060708
202408060709
202408060710
202408060711
202408060712
202405050801
202405050802
202405050803
202405050804
202405050805
202405050806
202405050807
202405050808
202405050809
202405050810
202405050811
202405050812
202408060801
202408060802
202408060803
202408060804
202408060805
202408060806
202408060807
202408060808
202408060809
202408060810
202408060811
202408060812
202406050101
202406050102
202406050103
202406050104
202406050105
202406050106
202406050107
202406050108
202406050109
202406050110
202406050111
202406050112
202408070101
202408070102
202408070103
202408070104
202408070105
202408070106
202408070107
202408070108
202408070109
202408070110
202408070111
202408070112
202407040101
202407040102
202407040103
202407040104
202407040105
202407040106
202407040107
202407040108
202407040109
202407040110
202407040111
202407040112
202406050201
202406050202
202406050203
202406050204
202406050205
202406050206
202406050207
202406050208
202406050209
202406050210
202406050211
202406050212
202408070201
202408070202
202408070203
202408070204
202408070205
202408070206
202408070207
202408070208
202408070209
202408070210
202408070211
202408070212
202407040201
202407040202
202407040203
202407040204
202407040205
202407040206
202407040207
202407040208
202407040209
202407040210
202407040211
202407040212
202406050301
202406050302
202406050303
202406050304
202406050305
202406050306
202406050307
202406050308
202406050309
202406050310
202406050311
202406050312
202408070301
202408070302
202408070303
202408070304
202408070305
202408070306
202408070307
202408070308
202408070309
202408070310
202408070311
202408070312
202407040301
202407040302
202407040303
202407040304
202407040305
202407040306
202407040307
202407040308
202407040309
202407040310
202407040311
202407040312
202406050401
202406050402
202406050403
202406050404
202406050405
202406050406
202406050407
202406050408
202406050409
202406050410
202406050411
202406050412
202408070401
202408070402
202408070403
202408070404
202408070405
202408070406
202408070407
202408070408
202408070409
202408070410
202408070411
202408070412
202407040401
202407040402
202407040403
202407040404
202407040405
202407040406
202407040407
202407040408
202407040409
202407040410
202407040411
202407040412
202406050501
202406050502
202406050503
202406050504
202406050505
202406050506
202406050507
202406050508
202406050509
202406050510
202406050511
202406050512
202408070501
202408070502
202408070503
202408070504
202408070505
202408070506
202408070507
202408070508
202408070509
202408070510
202408070511
202408070512
202407040501
202407040502
202407040503
202407040504
202407040505
202407040506
202407040507
202407040508
202407040509
202407040510
202407040511
202407040512
202406050601
202406050602
202406050603
202406050604
202406050605
202406050606
202406050607
202406050608
202406050609
202406050610
202406050611
202406050612
202408070601
202408070602
202408070603
202408070604
202408070605
202408070606
202408070607
202408070608
202408070609
202408070610
202408070611
202408070612
202407040601
202407040602
202407040603
202407040604
202407040605
202407040606
202407040607
202407040608
202407040609
202407040610
202407040611
202407040612
202406050701
202406050702
202406050703
202406050704
202406050705
202406050706
202406050707
202406050708
202406050709
202406050710
202406050711
202406050712
202408070701
202408070702
202408070703
202408070704
202408070705
202408070706
202408070707
202408070708
202408070709
202408070710
202408070711
202408070712
202406050801
202406050802
202406050803
202406050804
202406050805
202406050806
202406050807
202406050808
202406050809
202406050810
202406050811
202406050812
202408070801
202408070802
202408070803
202408070804
202408070805
202408070806
202408070807
202408070808
202408070809
202408070810
202408070811
202408070812