202406050201
202406050202
202406050203
202406050204
202406050205
202406050206
202406050207
202406050208
202406050209
202406050210
202406050211
202406050212
202408070201
202408070202
202408070203
202408070204
202408070205
202408070206
202408070207
202408070208
202408070209
202408070210
202408070211
202408070212
202407040201
202407040202
202407040203
202407040204
202407040205
202407040206
202407040207
202407040208
202407040209
202407040210
202407040211
202407040212
202406050301
202406050302
202406050303
202406050304
202406050305
202406050306
202406050307
202406050308
202406050309
202406050310
202406050311
202406050312
202408070301
202408070302
202408070303
202408070304
202408070305
202408070306
202408070307
202408070308
202408070309
202408070310
202408070311
202408070312
202407040301
202407040302
202407040303
202407040304
202407040305
202407040306
202407040307
202407040308
202407040309
202407040310
202407040311
202407040312
202406050401
202406050402
202406050403
202406050404
202406050405
202406050406
202406050407
202406050408
202406050409
202406050410
202406050411
202406050412
202408070401
202408070402
202408070403
202408070404
202408070405
202408070406
202408070407
202408070408
202408070409
202408070410
202408070411
202408070412
202407040401
202407040402
202407040403
202407040404
202407040405
202407040406
202407040407
202407040408
202407040409
202407040410
202407040411
202407040412
202406050501
202406050502
202406050503
202406050504
202406050505
202406050506
202406050507
202406050508
202406050509
202406050510
202406050511
202406050512
202408070501
202408070502
202408070503
202408070504
202408070505
202408070506
202408070507
202408070508
202408070509
202408070510
202408070511
202408070512
202407040501
202407040502
202407040503
202407040504
202407040505
202407040506
202407040507
202407040508
202407040509
202407040510
202407040511
202407040512
202406050601
202406050602
202406050603
202406050604
202406050605
202406050606
202406050607
202406050608
202406050609
202406050610
202406050611
202406050612
202408070601
202408070602
202408070603
202408070604
202408070605
202408070606
202408070607
202408070608
202408070609
202408070610
202408070611
202408070612
202407040601
202407040602
202407040603
202407040604
202407040605
202407040606
202407040607
202407040608
202407040609
202407040610
202407040611
202407040612
202406050701
202406050702
202406050703
202406050704
202406050705
202406050706
202406050707
202406050708
202406050709
202406050710
202406050711
202406050712
202408070701
202408070702
202408070703
202408070704
202408070705
202408070706
202408070707
202408070708
202408070709
202408070710
202408070711
202408070712
202406050801
202406050802
202406050803
202406050804
202406050805
202406050806
202406050807
202406050808
202406050809
202406050810
202406050811
202406050812
202408070801
202408070802
202408070803
202408070804
202408070805
202408070806
202408070807
202408070808
202408070809
202408070810
202408070811
202408070812
202406050901
202406050902
202406050903
202406050904
202406050905
202406050906
202406050907
202406050908
202406050909
202406050910
202406050911
202406050912
202408070901
202408070902
202408070903
202408070904
202408070905
202408070906
202408070907
202408070908
202408070909
202408070910
202408070911
202408070912