202555030101
202555030102
202555030103
202555030104
202555030105
202555030106
202555030107
202555030108
202555030109
202555030110
202555030111
202565030101
202565030102
202565030103
202565030104
202565030105
202565030106
202565030107
202565030108
202565030109
202565030110
202565030111
202565030112
202554030201
202554030202
202554030203
202554030204
202554030205
202554030206
202554030207
202554030208
202554030209
202555030201
202555030202
202555030203
202555030204
202555030205
202555030206
202555030207
202555030208
202555030209
202555030210
202555030211
202565030201
202565030202
202565030203
202565030204
202565030205
202565030206
202565030207
202565030208
202565030209
202565030210
202565030211
202565030212
202545030301
202545030302
202545030303
202545030304
202545030305
202545030306
202545030307
202545030308
202545030309
202545030310
202545030311
202545030312
202565030301
202565030302
202565030303
202565030304
202565030305
202565030306
202565030307
202565030308
202565030309
202565030310
202565030311
202565030312
202545030401
202545030402
202545030403
202545030404
202545030405
202545030406
202545030407
202545030408
202545030409
202545030410
202545030411
202545030412
202547030401
202547030402
202547030403
202547030404
202547030405
202547030406
202547030407
202547030408
202547030409
202547030410
202551030401
202551030402
202551030403
202551030404
202551030405
202551030406
202551030407
202551030408
202551030409
202551030410
202551030411
202551030412
202554030401
202554030402
202554030403
202554030404
202554030405
202554030406
202554030407
202554030408
202545030501
202545030502
202545030503
202545030504
202545030505
202545030506
202545030507
202545030508
202545030509
202545030510
202545030511
202545030512
202547030501
202547030502
202547030503
202547030504
202547030505
202547030506
202547030507
202547030508
202547030509
202547030510
202551030501
202551030502
202551030503
202551030504
202551030505
202551030506
202551030507
202551030508
202551030509
202551030510
202551030511
202551030512
202554030501
202554030502
202554030503
202554030504
202554030505
202554030506
202554030507
202554030508
202554030509
202545030601
202545030602
202545030603
202545030604
202545030605
202545030606
202545030607
202545030608
202545030609
202545030610
202545030611
202545030612
202547030601
202547030602
202547030603
202547030604
202547030605
202547030606
202547030607
202547030608
202547030609
202547030610
202547030611
202551030601
202551030602
202551030603
202551030604
202551030605
202551030606
202551030607
202551030608
202551030609
202551030610
202551030611
202551030612
202555030601
202555030602
202555030603
202555030604
202555030605
202555030606
202555030607
202555030608
202555030609
202555030610
202555030611
202555030612
202545030701
202545030702
202545030703
202545030704
202545030705
202545030706
202545030707
202545030708
202545030709
202545030710
202545030711
202545030712
202547030701
202547030702
202547030703
202547030704
202547030705
202547030706
202547030707
202547030708
202547030709
202547030710
202547030711
202547030712
202555030801
202555030802
202555030803
202555030804
202555030805
202555030806
202555030807
202555030808
202555030809
202555030810
202555030811
202565030801
202565030802
202565030803
202565030804
202565030805
202565030806
202565030807
202565030808
202565030809
202565030810
202565030811
202565030812
202536030901
202536030902
202536030903
202536030904
202536030905
202536030906
202536030907
202536030908
202536030909
202536030910
202536030911
202554030901
202554030902
202554030903
202554030904
202554030905
202554030906
202554030907
202554030908
202554030909
202554030910
202555030901
202555030902
202555030903
202555030904
202555030905
202555030906
202555030907
202555030908
202555030909
202555030910
202555030911
202565030901
202565030902
202565030903
202565030904
202565030905
202565030906
202565030907
202565030908
202565030909
202565030910
202565030911
202565030912
202536031001
202536031002
202536031003
202536031004
202536031005
202536031006
202536031007
202536031008
202536031009
202536031010
202536031011
202543031001
202543031002
202543031003
202543031004
202543031005
202543031006
202543031007
202543031008
202543031009
202543031010
202543031011
202543031012
202544031001
202544031002
202544031003
202544031004
202544031005
202544031006
202544031007
202544031008
202544031009
202544031010
202544031011
202544031012
202565031001
202565031002
202565031003
202565031004
202565031005
202565031006
202565031007
202565031008
202565031009
202565031010
202565031011
202565031012
202536031101
202536031102
202536031103
202536031104
202536031105
202536031106
202536031107
202536031108
202536031109
202536031110
202536031111
202543031101
202543031102
202543031103
202543031104
202543031105
202543031106
202543031107
202543031108
202543031109
202543031110
202543031111
202543031112
202544031101
202544031102
202544031103
202544031104
202544031105
202544031106
202544031107
202544031108
202544031109
202544031110
202544031111
202544031112
202550031101
202550031102
202550031103
202550031104
202550031105
202550031106
202550031107
202550031108
202550031109
202550031110
202550031111
202550031112
202554031101
202554031102
202554031103
202554031104
202554031105
202554031106
202554031107
202554031108
202554031109
202543031201
202543031202
202543031203
202543031204
202543031205
202543031206
202543031207
202543031208
202543031209
202543031210
202543031211
202543031212
202544031201
202544031202
202544031203
202544031204
202544031205
202544031206
202544031207
202544031208
202544031209
202544031210
202544031211
202544031212
202548031201
202548031202
202548031203
202548031204
202548031205
202548031206
202548031207
202548031208
202548031209
202548031210
202548031211
202548031212
202550031201
202550031202
202550031203
202550031204
202550031205
202550031206
202550031207
202550031208
202550031209
202550031210
202550031211
202550031212
202554031201
202554031202
202554031203
202554031204
202554031205
202554031206
202554031207
202554031208
202554031209
202543031301
202543031302
202543031303
202543031304
202543031305
202543031306
202543031307
202543031308
202543031309
202543031310
202543031311
202543031312
202544031301
202544031302
202544031303
202544031304
202544031305
202544031306
202544031307
202544031308
202544031309
202544031310
202544031311
202544031312
202548031301
202548031302
202548031303
202548031304
202548031305
202548031306
202548031307
202548031308
202548031309
202548031310
202548031311
202548031312
202550031301
202550031302
202550031303
202550031304
202550031305
202550031306
202550031307
202550031308
202550031309
202550031310
202550031311
202550031312
202543031401
202543031402
202543031403
202543031404
202543031405
202543031406
202543031407
202543031408
202543031409
202543031410
202543031411
202543031412
202544031401
202544031402
202544031403
202544031404
202544031405
202544031406
202544031407
202544031408
202544031409
202544031410
202544031411
202544031412
202548031401
202548031402
202548031403
202548031404
202548031405
202548031406
202548031407
202548031408
202548031409
202548031410
202548031411
202548031412
202565031401
202565031402
202565031403
202565031404
202565031405
202565031406
202565031407
202565031408
202565031409
202565031410
202565031411
202565031412
202555031501
202555031502
202555031503
202555031504
202555031505
202555031506
202555031507
202555031508
202555031509
202555031510
202555031511
202565031501
202565031502
202565031503
202565031504
202565031505
202565031506
202565031507
202565031508
202565031509
202565031510
202565031511
202565031512
202536031601
202536031602
202536031603
202536031604
202536031605
202536031606
202536031607
202536031608
202536031609
202536031610
202536031611
202546031601
202546031602
202546031603
202546031604
202546031605
202546031606
202546031607
202546031608
202546031609
202546031610
202546031611
202546031612
202554031601
202554031602
202554031603
202554031604
202554031605
202554031606
202554031607
202554031608
202565031601
202565031602
202565031603
202565031604
202565031605
202565031606
202565031607
202565031608
202565031609
202565031610
202565031611
202565031612
202536031701
202536031702
202536031703
202536031704
202536031705
202536031706
202536031707
202536031708
202536031709
202536031710
202536031711
202536031712
202542031701
202542031702
202542031703
202542031704
202542031705
202542031706
202542031707
202542031708
202542031709
202542031710
202542031711
202542031712
202546031701
202546031702
202546031703
202546031704
202546031705
202546031706
202546031707
202546031708
202546031709
202546031710
202546031711
202546031712
202548031701
202548031702
202548031703
202548031704
202548031705
202548031706
202548031707
202548031708
202548031709
202548031710
202548031711
202548031712
202536031801
202536031802
202536031803
202536031804
202536031805
202536031806
202536031807
202536031808
202536031809
202536031810
202536031811
202536031812
202542031801
202542031802
202542031803
202542031804
202542031805
202542031806
202542031807
202542031808
202542031809
202542031810
202542031811
202542031812
202546031801
202546031802
202546031803
202546031804
202546031805
202546031806
202546031807
202546031808
202546031809
202546031810
202546031811
202546031812
202550031801
202550031802
202550031803
202550031804
202550031805
202550031806
202550031807
202550031808
202550031809
202550031810
202550031811
202550031812
202554031801
202554031802
202554031803
202554031804
202554031805
202554031806
202554031807
202554031808
202554031809
202542031901
202542031902
202542031903
202542031904
202542031905
202542031906
202542031907
202542031908
202542031909
202542031910
202542031911
202542031912
202547031901
202547031902
202547031903
202547031904
202547031905
202547031906
202547031907
202547031908
202547031909
202547031910
202550031901
202550031902
202550031903
202550031904
202550031905
202550031906
202550031907
202550031908
202550031909
202550031910
202550031911
202550031912
202554031901
202554031902
202554031903
202554031904
202554031905
202554031906
202554031907
202554031908
202542032001
202542032002
202542032003
202542032004
202542032005
202542032006
202542032007
202542032008
202542032009
202542032010
202542032011
202542032012
202547032001
202547032002
202547032003
202547032004
202547032005
202547032006
202547032007
202547032008
202547032009
202547032010
202547032011
202547032012
202550032001
202550032002
202550032003
202550032004
202550032005
202550032006
202550032007
202550032008
202550032009
202550032010
202550032011
202550032012
202542032101
202542032102
202542032103
202542032104
202542032105
202542032106
202542032107
202542032108
202542032109
202542032110
202542032111
202542032112
202547032101
202547032102
202547032103
202547032104
202547032105
202547032106
202547032107
202547032108
202547032109
202547032110
202547032111
202547032112
202555032201
202555032202
202555032203
202555032204
202555032205
202555032206
202555032207
202555032208
202555032209
202555032210
202555032211
202555032212
202536032301
202536032302
202536032303
202536032304
202536032305
202536032306
202536032307
202536032308
202536032309
202536032310
202536032311
202554032301
202554032302
202554032303
202554032304
202554032305
202554032306
202554032307
202554032308
202554032309
202554032310
202554032311
202554032312
202555032301
202555032302
202555032303
202555032304
202555032305
202555032306
202555032307
202555032308
202555032309
202555032310
202555032311
202536032401
202536032402
202536032403
202536032404
202536032405
202536032406
202536032407
202536032408
202536032409
202536032410
202536032411
202544032401
202544032402
202544032403
202544032404
202544032405
202544032406
202544032407
202544032408
202544032409
202544032410
202544032411
202544032412
202546032401
202546032402
202546032403
202546032404
202546032405
202546032406
202546032407
202546032408
202546032409
202546032410
202546032411
202547032401
202547032402
202547032403
202547032404
202547032405
202547032406
202547032407
202547032408
202547032409
202547032410
202536032501
202536032502
202536032503
202536032504
202536032505
202536032506
202536032507
202536032508
202536032509
202536032510
202536032511
202544032501
202544032502
202544032503
202544032504
202544032505
202544032506
202544032507
202544032508
202544032509
202544032510
202544032511
202544032512
202546032501
202546032502
202546032503
202546032504
202546032505
202546032506
202546032507
202546032508
202546032509
202546032510
202546032511
202546032512
202548032501
202548032502
202548032503
202548032504
202548032505
202548032506
202548032507
202548032508
202548032509
202548032510
202548032511
202550032501
202550032502
202550032503
202550032504
202550032505
202550032506
202550032507
202550032508
202550032509
202550032510
202550032511
202550032512
202554032501
202554032502
202554032503
202554032504
202554032505
202554032506
202554032507
202554032508
202554032509
202554032510
202554032511
202554032512
202544032601
202544032602
202544032603
202544032604
202544032605
202544032606
202544032607
202544032608
202544032609
202544032610
202544032611
202544032612
202548032601
202548032602
202548032603
202548032604
202548032605
202548032606
202548032607
202548032608
202548032609
202548032610
202548032611
202548032612
202550032601
202550032602
202550032603
202550032604
202550032605
202550032606
202550032607
202550032608
202550032609
202550032610
202550032611
202550032612
202554032601
202554032602
202554032603
202554032604
202554032605
202554032606
202554032607
202554032608
202554032609
202554032610
202554032611
202554032612
202544032701
202544032702
202544032703
202544032704
202544032705
202544032706
202544032707
202544032708
202544032709
202544032710
202544032711
202544032712
202548032701
202548032702
202548032703
202548032704
202548032705
202548032706
202548032707
202548032708
202548032709
202548032710
202548032711
202548032712
202550032701
202550032702
202550032703
202550032704
202550032705
202550032706
202550032707
202550032708
202550032709
202550032710
202550032711
202550032712
202544032801
202544032802
202544032803
202544032804
202544032805
202544032806
202544032807
202544032808
202544032809
202544032810
202544032811
202544032812
202548032801
202548032802
202548032803
202548032804
202548032805
202548032806
202548032807
202548032808
202548032809
202548032810
202548032811
202548032812
202536032901
202536032902
202536032903
202536032904
202536032905
202536032906
202536032907
202536032908
202536032909
202536032910
202536032911
202546032901
202546032902
202546032903
202546032904
202546032905
202546032906
202546032907
202546032908
202546032909
202546032910
202546032911
202546032912
202555032901
202555032902
202555032903
202555032904
202555032905
202555032906
202555032907
202555032908
202555032909
202555032910
202555032911
202536033001
202536033002
202536033003
202536033004
202536033005
202536033006
202536033007
202536033008
202536033009
202536033010
202536033011
202536033012
202546033001
202546033002
202546033003
202546033004
202546033005
202546033006
202546033007
202546033008
202546033009
202546033010
202546033011
202555033001
202555033002
202555033003
202555033004
202555033005
202555033006
202555033007
202555033008
202555033009
202555033010
202555033011
202536033101
202536033102
202536033103
202536033104
202536033105
202536033106
202536033107
202536033108
202536033109
202536033110
202536033111
202536033112
202543033101
202543033102
202543033103
202543033104
202543033105
202543033106
202543033107
202543033108
202543033109
202543033110
202543033111
202543033112
202548033101
202548033102
202548033103
202548033104
202548033105
202548033106
202548033107
202548033108
202548033109
202548033110
202548033111