202506020101
202506020102
202506020103
202506020104
202506020105
202506020106
202506020107
202506020108
202506020109
202506020110
202506020111
202506020112
202509010101
202509010102
202509010103
202509010104
202509010105
202509010106
202509010107
202509010108
202509010109
202509010110
202509010111
202509010112
202510011101
202510011102
202510011103
202510011104
202510011105
202510011106
202510011107
202510011108
202510011109
202510011110
202510011111
202510011112
202506020201
202506020202
202506020203
202506020204
202506020205
202506020206
202506020207
202506020208
202506020209
202506020210
202506020211
202506020212
202509010201
202509010202
202509010203
202509010204
202509010205
202509010206
202509010207
202509010208
202509010209
202509010210
202509010211
202509010212
202510011201
202510011202
202510011203
202510011204
202510011205
202510011206
202510011207
202510011208
202510011209
202510011210
202510011211
202510011212
202506020301
202506020302
202506020303
202506020304
202506020305
202506020306
202506020307
202506020308
202506020309
202506020310
202506020311
202506020312
202509010301
202509010302
202509010303
202509010304
202509010305
202509010306
202509010307
202509010308
202509010309
202509010310
202509010311
202509010312
202506020401
202506020402
202506020403
202506020404
202506020405
202506020406
202506020407
202506020408
202506020409
202506020410
202506020411
202506020412
202509010401
202509010402
202509010403
202509010404
202509010405
202509010406
202509010407
202509010408
202509010409
202509010410
202509010411
202509010412
202506020501
202506020502
202506020503
202506020504
202506020505
202506020506
202506020507
202506020508
202506020509
202506020510
202506020511
202506020512
202509010501
202509010502
202509010503
202509010504
202509010505
202509010506
202509010507
202509010508
202509010509
202509010510
202509010511
202509010512
202507020101
202507020102
202507020103
202507020104
202507020105
202507020106
202507020107
202507020108
202507020109
202507020110
202507020111
202507020112
202506020601
202506020602
202506020603
202506020604
202506020605
202506020606
202506020607
202506020608
202506020609
202506020610
202506020611
202506020612
202509010601
202509010602
202509010603
202509010604
202509010605
202509010606
202509010607
202509010608
202509010609
202509010610
202509010611
202509010612
202507020201
202507020202
202507020203
202507020204
202507020205
202507020206
202507020207
202507020208
202507020209
202507020210
202507020211
202507020212