202045010101
202045010102
202045010103
202045010104
202045010105
202045010106
202045010107
202045010108
202045010109
202045010110
202045010111
202045010112
202048010101
202048010102
202048010103
202048010104
202048010105
202048010106
202048010107
202048010108
202048010109
202048010110
202048010111
202054010101
202054010102
202054010103
202054010104
202054010105
202054010106
202054010107
202054010108
202054010109
202054010110
202054010111
202036010201
202036010202
202036010203
202036010204
202036010205
202036010206
202036010207
202036010208
202036010209
202036010210
202045010201
202045010202
202045010203
202045010204
202045010205
202045010206
202045010207
202045010208
202045010209
202045010210
202045010211
202045010212
202048010201
202048010202
202048010203
202048010204
202048010205
202048010206
202048010207
202048010208
202048010209
202048010210
202048010211
202048010212
202050010201
202050010202
202050010203
202050010204
202050010205
202050010206
202050010207
202050010208
202050010209
202050010210
202050010211
202050010212
202065010201
202065010202
202065010203
202065010204
202065010205
202065010206
202065010207
202065010208
202065010209
202065010210
202065010211
202065010212
202036010301
202036010302
202036010303
202036010304
202036010305
202036010306
202036010307
202036010308
202036010309
202036010310
202045010301
202045010302
202045010303
202045010304
202045010305
202045010306
202045010307
202045010308
202045010309
202045010310
202045010311
202045010312
202048010301
202048010302
202048010303
202048010304
202048010305
202048010306
202048010307
202048010308
202048010309
202048010310
202048010311
202048010312
202050010301
202050010302
202050010303
202050010304
202050010305
202050010306
202050010307
202050010308
202050010309
202050010310
202050010311
202050010312
202055010301
202055010302
202055010303
202055010304
202055010305
202055010306
202055010307
202055010308
202055010309
202055010310
202065010301
202065010302
202065010303
202065010304
202065010305
202065010306
202065010307
202065010308
202065010309
202065010310
202065010311
202065010312