202505010101
202505010102
202505010103
202505010104
202505010105
202505010106
202505010107
202505010108
202505010109
202505010110
202505010111
202505010112
202508010101
202508010102
202508010103
202508010104
202508010105
202508010106
202508010107
202508010108
202508010109
202508010110
202508010111
202508010112
202510010301
202510010302
202510010303
202510010304
202510010305
202510010306
202510010307
202510010308
202510010309
202510010310
202510010311
202510010312
202505010201
202505010202
202505010203
202505010204
202505010205
202505010206
202505010207
202505010208
202505010209
202505010210
202505010211
202505010212
202508010201
202508010202
202508010203
202508010204
202508010205
202508010206
202508010207
202508010208
202508010209
202508010210
202508010211
202508010212
202510010401
202510010402
202510010403
202510010404
202510010405
202510010406
202510010407
202510010408
202510010409
202510010410
202510010411
202510010412
202505010301
202505010302
202505010303
202505010304
202505010305
202505010306
202505010307
202505010308
202505010309
202505010310
202505010311
202505010312
202510010501
202510010502
202510010503
202510010504
202510010505
202510010506
202510010507
202510010508
202510010509
202510010510
202510010511
202510010512
202505010401
202505010402
202505010403
202505010404
202505010405
202505010406
202505010407
202505010408
202505010409
202505010410
202505010411
202505010412
202508010401
202508010402
202508010403
202508010404
202508010405
202508010406
202508010407
202508010408
202508010409
202508010410
202508010411
202508010412
202510010601
202510010602
202510010603
202510010604
202510010605
202510010606
202510010607
202510010608
202510010609
202510010610
202510010611
202510010612
202508010301
202508010302
202508010303
202508010304
202508010305
202508010306
202508010307
202508010308
202508010309
202508010310
202508010311
202508010312
202505010501
202505010502
202505010503
202505010504
202505010505
202505010506
202505010507
202505010508
202505010509
202505010510
202505010511
202505010512
202508010501
202508010502
202508010503
202508010504
202508010505
202508010506
202508010507
202508010508
202508010509
202508010510
202508010511
202508010512
202510010701
202510010702
202510010703
202510010704
202510010705
202510010706
202510010707
202510010708
202510010709
202510010710
202510010711
202510010712
202505010601
202505010602
202505010603
202505010604
202505010605
202505010606
202505010607
202505010608
202505010609
202505010610
202505010611
202505010612
202508010601
202508010602
202508010603
202508010604
202508010605
202508010606
202508010607
202508010608
202508010609
202508010610
202508010611
202508010612
202510010801
202510010802
202510010803
202510010804
202510010805
202510010806
202510010807
202510010808
202510010809
202510010810
202510010811
202510010812
202505010701
202505010702
202505010703
202505010704
202505010705
202505010706
202505010707
202505010708
202505010709
202505010710
202505010711
202505010712
202508010701
202508010702
202508010703
202508010704
202508010705
202508010706
202508010707
202508010708
202508010709
202508010710
202508010711
202508010712
202510010901
202510010902
202510010903
202510010904
202510010905
202510010906
202510010907
202510010908
202510010909
202510010910
202510010911
202510010912
202505010801
202505010802
202505010803
202505010804
202505010805
202505010806
202505010807
202505010808
202505010809
202505010810
202505010811
202505010812
202508010801
202508010802
202508010803
202508010804
202508010805
202508010806
202508010807
202508010808
202508010809
202508010810
202508010811
202508010812
202510011001
202510011002
202510011003
202510011004
202510011005
202510011006
202510011007
202510011008
202510011009
202510011010
202510011011
202510011012